T_b_color: 
      0       0       1 0.57711
     -1       0       0 0.00012
      0      -1       0  0.8333
      0       0       0       1
T_b_thermal: 
      0       0       1 0.57711
     -1       0       0 0.17012
      0      -1       0  0.8333
      0       0       0       1
T_b_leftcam: 
      0       0       1 0.51476
     -1       0       0  0.1607
      0      -1       0 0.01243
      0       0       0       1
T_b_rightcam: 
       0        0        1 0.514563
      -1        0        0 -0.16078
       0       -1        0   0.0123
       0        0        0        1
T_b_midright: 
      -1        0        0  0.27276
       0        0       -1 -0.16066
       0       -1        0   0.0128
       0        0        0        1
